[Variables]
curextrudertarget = 220.0
filamentused = 862.7002400000362
filepath = 'Udisk_sdb1/0131_PLA_12m8s.gcode'
fileposition = 2253235
filesize = 2369467
heaterbedtarget = 65.0
positione = 862.7002400000362
positionz = 2.84
resumeflag = 0
setup_step = 0

